cam0:
  T_cam_imu:
  - [0.31629995416776385, 0.9406260487493222, 0.12319486761918069, -0.00938318211678587]
  - [0.8158876847226918, -0.20346955337273637, -0.5412277032526549, 0.49354245284851145]
  - [-0.4840264712919276, 0.2717034730446708, -0.8318026195102706, 0.7979201919068827]
  - [0.0, 0.0, 0.0, 1.0]
  cam_overlaps: []
  camera_model: pinhole
  distortion_coeffs: [0.4778626588767277, 0.20770576100690635, -1.6980842770765867,
    2.5944873670331203]
  distortion_model: equidistant
  intrinsics: [494.7238627510617, 496.5633864118645, 323.017749093599, 236.39296901003047]
  resolution: [640, 480]
  rostopic: /pi_image
