cam0:
  T_cam_imu:
  - [0.1670259549000201, 0.8922141826591253, 0.41959049399580656, -0.053498923300704965]
  - [0.8400512342758685, 0.09400959713434537, -0.534299653226752, 0.5271677828930511]
  - [-0.5161552617007075, 0.4417194221545467, -0.7338035826501035, 0.9198744729519802]
  - [0.0, 0.0, 0.0, 1.0]
  cam_overlaps: []
  camera_model: pinhole
  distortion_coeffs: [0.4584013726653632, 0.7931871540445153, -4.849615101506429,
    7.568212259210356]
  distortion_model: equidistant
  intrinsics: [520.6227528018758, 521.5968472596954, 324.7617601399947, 229.32516303825702]
  resolution: [640, 480]
  rostopic: /pi_image
