cam0:
  T_cam_imu:
  - [-0.10191884603678936, 0.991695792926379, -0.07843470605958436, -0.023189182334998903]
  - [0.09708640925078038, -0.06855312351503495, -0.9929122309625993, 0.04667184496995662]
  - [-0.9900438262831212, -0.10881141276748735, -0.08929332836345766, 0.3358002597308107]
  - [0.0, 0.0, 0.0, 1.0]
  cam_overlaps: []
  camera_model: pinhole
  distortion_coeffs: [0.48916549244828494, 0.21593991685289782, -1.972439639782036,
    3.047874372584983]
  distortion_model: equidistant
  intrinsics: [500.6428759052877, 500.5025290263951, 323.4611663651352, 230.8755445544408]
  resolution: [640, 480]
  rostopic: /pi_image
